epochs = 2
w = [ 10.  -6.   2.  -6.  -2.   4.  -2.  -2.   6.   0.   0.  -6.   2.  -4.
  -2.   2.   2.  -4.   0.  -4.   0.   0.   8.   2.   0.  -4.  -2.   6.
  -6.  -2.   2.   6.   2.   2.   6.  10.   2.   2.   4.  -6.   6.   0.
  -2.   2.   4.   2.  -8.  -2.  -4.   8.  -6.  -2.  -4.  -4.  -2.   0.
  -2.  10.   0.  -6.   2. -10.   2.   4.  -8.   2.   0.  -2.   6.   4.
   4.  -2.  -4.   2.   0.   4.  -4.  -6.   2.  -4.   0.   2.  -6.   4.
   4.   4.   0.  12.  -2.  -4.  -4.  -8.  -8.   2.   4.   8.  -2.  -2.
  -4.   6.  -8.  -2.   2.  10.   8.   4.   2.   0.   0.  -6.  -4.  -2.
  -4.   0.]
training accuracy is = 0.5423284278012531
testing accuracy is 0.5389108129439621