epochs = 4
w = [  6.  -4.   2.  -4.   0.   6.  -4.   2.  12.   2.   0.  -4.   2.  -2.
   2.   2.   0.  -4.   0.  -2.  -2.   0.   6.   2.   0.  -6.  -2.   4.
  -6.   0.   2.   2.   2.   0.  -2.   8.   2.   8.   6.  -6.   6.  -2.
  -8.   2.   6.   2.  -8.   0.   0.   8.  -4.  -2.  -6.  -2.  -6.  -6.
   0.  10.  -2. -12.   4. -10.   0.   8.  -6.   6.   4.   2.   4.   4.
   4.   0. -12.   0.  -4.   6.  -6.   0.   0.  -4.   0.   0.  -6.   4.
   4.   0.   4.  10.  -8.  -2.   0.  -6.  -4.   0.   4.   8.  -2.   0.
  -2.   4.  -8.  -2.   2.   4.   6.   6.   2.   0.   0.  -2.  -6.  -8.
  -2.   0.]
training accuracy is = 0.5415027441837874
testing accuracy is 0.5393722299799648