epochs = 8
w = [  6.  -8.   0.  -2.  -4.   6.  -4.   2.   8.   4.   0.  -4.   4.   0.
   0.   0.  -2.  -4.   2.   2.   0.   0.  10.  -2.   0.  -4.  -4.   4.
  -4.  -4.   6.   0.   2.   4.  -2.   8.   2.   8.   4.  -4.   6.   2.
  -2.   0.   0.   2.  -8.   0.  -4.   8.  -6.   0.  -2.  -6.  -2.  -2.
  -2.  10.  -4. -10.   4. -10.   2.   4.  -8.   6.   0.   2.   6.   0.
   0.  -2.  -8.   2.  -4.   6.  -4.  -6.  -2.  -2.   2.  -4.  -2.   4.
   4.   2.   0.  10.  -6.   2.  -6.  -6.  -2.   2.   2.  10.   0.   4.
  -6.   6.  -8.  -2.   2.   4.   8.   8.  -2.  -2.   0.  -2.  -6.  -4.
   2.  -4.]
training accuracy is = 0.5432512506678323
testing accuracy is 0.5426628619998786