epochs = 16
w = [  6.  -4.  -2.   0.   0.   8.  -4.   0.   4.   0.   0.  -6.   2.  -2.
   0.   0.   2.  -4.  -2.  -2.   2.  -6.  10.  -4.   0.  -8.   0.   4.
  -6.  -2.   6.   4.  -2.   2.   2.   8.   2.   6.   2.  -6.   6.   2.
  -2.   2.   4.   2.  -4.  -4.   0.   6.  -4.  -4.  -2.   2.  -2.  -2.
  -2.  12.  -2.  -8.   6.  -8.   2.   0.  -8.   4.   2.   4.   6.   2.
   2.   2.  -4.   0.   0.   6.  -6.  -4.  -2.  -2.   2.   0.  -4.   2.
   0.   2.   2.  12.  -2.   0.  -4.  -6.  -6.  -2.   2.   6.  -2.   2.
   0.   4.  -8.  -2.   2.   4.   8.   4.   4.  -2.   0.  -4. -10.  -8.
   0.  -2.]
training accuracy is = 0.541357035310117
testing accuracy is 0.5365308724424747