lmda = 3
w = [0.19404953 0.18013659 0.62658839 0.07966811 0.42631785 0.80602714
 0.70283854 0.51929118 0.55358588 0.86453344 0.66972702 0.40566929
 0.44617113 0.48897354 0.65046717 0.77058898 0.29886753 0.2950155
 0.58820119 0.10098327 0.67629951 0.06285432 0.47404315 0.62759287
 0.39014508 0.10170731 0.39736924 0.6363797  0.6533644  0.27593562
 0.6324997  0.46312628 0.79520201 0.87121827 0.19669193 0.45310022
 0.988219   0.62930384 0.82368763 0.52241926 0.2425132  0.46535085
 0.92396999 0.13640955 0.54635914 0.78038207 0.53308128 0.33248755
 0.70645853 0.45167414 0.71331344 0.54522151 0.14642886 0.34733818
 0.35340856 0.20534019 0.16609535 1.16341062 0.49856047 0.44274601
 0.54730602 0.13463579 0.24519343 0.57165535 0.32155597 0.24488224
 0.34747059 0.51355263 0.38277203 0.08333749 0.53393121 0.80333785
 0.17635192 0.36372901 0.33623231 0.51791058 0.71321245 0.05851737
 0.53235299 0.18681734 0.30086065 0.17855496 0.18231686 0.19642361
 0.55850995 0.41071443 0.25947743 0.50900773 0.67189287 0.51011944
 0.70899894 0.24009563 0.27500743 0.38660841 0.53229423 0.31000649
 0.71583332 0.41491391 0.55692534 0.56871429 0.49099606 0.54377477
 0.74825148 0.5123424  0.42181582 0.45091293 0.34452333 0.18016517
 0.66651082 0.35468956 0.45295936 0.55247613 0.18926699 0.77795622]
training accuracy is = 0.5800670260818884
testing accuracy is 0.5685265011231863