lmda = 3
w = [0.19807143 0.40587991 0.67798995 0.27171592 0.44143286 0.77651538
 0.87415689 0.50837835 0.64772262 0.93300371 0.74179477 0.47947166
 0.53178007 0.2262381  0.73941103 0.64071355 0.36221211 0.31089959
 0.73706023 0.15364643 0.70622664 0.20834312 0.86112091 0.42371857
 0.11546508 0.48613754 0.50231613 0.53733543 0.54180347 0.50391904
 0.62316946 0.38980646 0.92443511 0.4199743  0.40344484 0.58449567
 0.89838109 0.73412574 0.73007693 0.52477236 0.66980559 0.65024838
 1.00262376 0.32045305 0.70256804 0.1934192  0.42689837 0.65182546
 0.74163057 0.3009475  0.57659014 0.44428007 0.4517021  0.56712371
 0.40079888 0.182927   0.13584016 1.02563072 0.76931341 0.48194633
 0.23576347 0.0357255  0.31327612 0.40821197 0.54061274 0.30008245
 0.35645033 0.67254448 0.29434005 0.10871047 0.63392835 0.80120732
 0.32444668 0.30351793 0.35765171 0.46155022 0.64917351 0.67181633
 0.17202268 0.5277568  0.37583397 0.51413466 0.1886962  0.85388404
 0.75916443 0.58779643 0.16087722 0.51843582 0.71418868 0.25650113
 0.78812481 0.42108607 0.08756379 0.55795113 0.85040438 0.67424481
 0.89753653 0.36632198 0.52788991 0.24720364 0.24716456 0.32038928
 0.43061369 0.59062825 0.54700281 0.77623597 0.29704306 0.64542823
 0.17696311 0.41001392 0.59936115 0.58855605 0.67062404 0.08379632]
training accuracy is = 0.5825926465588421
testing accuracy is 0.5701293181956165