lmda = 3
w = [0.19979928 0.31403051 0.62237645 0.09381032 0.34998774 0.68872747
 0.77329815 0.67376896 0.61656655 0.88124981 0.30738259 0.14996306
 0.53196599 0.70626036 0.65349826 0.24657065 0.4354488  0.58845318
 0.76642444 0.11916768 0.44918059 0.17817817 0.57434039 0.40787702
 0.16272367 0.15369053 0.35274185 0.31136918 0.62710292 0.77097556
 0.79662629 0.36808461 0.77138183 0.66130269 0.18578418 0.49784076
 0.94601968 0.20016218 0.69981056 0.37177472 0.44677122 0.71424655
 0.98324048 0.24627488 0.63266569 0.15418714 0.50046622 0.489093
 0.83032787 0.33889844 0.25334342 0.31637646 0.83039342 0.10979101
 0.51103828 0.3445989  0.20140053 1.00881418 0.29056811 0.52315015
 0.43260535 0.52639023 0.2827321  0.66452531 0.71099319 0.43668321
 0.78164798 0.81622116 0.35818544 0.37129057 0.72246607 0.49282706
 0.4677245  0.52027673 0.29879669 0.65349531 0.31080629 0.25070315
 0.18017608 0.62075907 0.33081785 0.17140561 0.44720632 0.36442299
 0.42294306 0.59995154 0.34596802 0.82580489 0.27623863 0.29303823
 0.76074082 0.7680041  0.82920998 0.43248365 0.62350769 0.44908663
 0.97803476 0.56728444 0.41759122 0.66959247 0.41875074 0.31093738
 0.76105046 0.95868084 0.44050537 0.57512157 0.1476722  0.0983536
 0.64745233 0.67685088 0.78508412 0.29602062 0.32172724 0.02119789]
training accuracy is = 0.5847782796638982
testing accuracy is 0.569740756481088