lmda = 5
w = [ 0.19176336  0.29959493  0.73040718  0.31182187  0.62772813  0.6159376
  0.80071239  0.51404815  0.56774053  0.88022358  0.40740496  0.14327965
  0.23281384  0.16769656  0.66574691  0.68296653  0.4576431   0.37610379
  0.71371179  0.27563047  0.75305858  0.1253057   0.72979046  0.61526228
  0.86920393  0.21648768  0.46015363  0.89103376  0.48419835  0.5277416
  0.38093263  0.93501958  0.88757127  0.83077236  0.09082086  0.56007689
  0.95917405  0.619102    0.63270293  0.21534154  0.46375923  0.64926021
  0.8598024   0.57205604  0.59744101  0.45628115  0.26769581  0.30528024
  0.86144027  0.45939612  0.53600113  0.33672748  0.18762171  0.26918051
  0.48622137  0.41957     0.30550221  1.11801286  0.34572014  0.40364481
  0.64056437  0.67675461  0.32743001  0.59508804  0.70668075  0.45549563
  0.64948685  0.6170879   0.44844807  0.24050406  0.8089349   0.77295059
  0.602009    0.4869619   0.23862794  0.78785039  0.31811619  0.2651875
  0.62236061  0.44477143  0.34177178  0.28685325  0.61447671  0.82599772
  0.62327226  0.65505143  0.2889607   0.44787236  0.36315401  0.49113124
  0.71869384  0.03388708  0.46788229  0.44162012  0.55076109  0.55514269
  0.99593262  0.16659035  0.54015599  0.52053451  0.15010002  0.51229161
  0.75024953  0.93791297  0.50634093  0.42954889 -0.01142508  0.65422294
  0.87045332  0.37886677  0.44520415  0.47936463  0.51002541  0.32702272]
training accuracy is = 0.5986691922871437
testing accuracy is 0.5822111590067391