lmda = 5
w = [0.18794583 0.3614064  0.74953584 0.37177779 0.5129609  0.84231327
 0.81274732 0.49452558 0.62125209 0.91473847 0.45947293 0.15064006
 0.18562357 0.11140805 0.68760388 0.45030866 0.41393387 0.50133552
 0.76024932 0.36229729 0.78301763 0.1596132  0.79496517 0.46007554
 0.64896082 0.21120563 0.48392304 0.58753996 0.62310082 0.69321577
 0.75374893 0.88786477 0.92526679 0.65812061 0.18067046 0.61883276
 0.90293152 0.80932481 0.69383741 0.04572829 0.78482678 0.66223488
 0.93233824 0.15668943 0.65266147 0.20998848 0.54444077 0.39358646
 0.77148618 0.54329256 0.62791129 0.42634945 0.15295936 0.43717005
 0.45581154 0.62721323 0.25426237 1.2487878  0.13182225 0.44885888
 0.36131542 0.28567592 0.39948524 0.5845834  0.55266893 0.14490829
 0.03387789 0.75326143 0.68517914 0.36587514 0.77747471 0.77149927
 0.14114659 0.40975527 0.28443836 0.68678438 0.61451001 0.30242693
 0.22433522 0.38346559 0.58234666 0.54445398 0.1496088  0.55680261
 0.8036455  0.27952201 0.29311653 0.6344279  0.49605084 0.63899253
 0.86203927 0.00627101 0.61100807 0.48238732 0.7727827  0.71673826
 0.81829663 0.18231133 0.57632731 0.43928278 0.3586711  0.42186455
 0.8230552  0.7646634  0.5113755  0.53323146 0.19121371 0.46928051
 0.09092775 0.20784857 0.69121929 0.26576558 0.65895608 0.35950825]
training accuracy is = 0.6050803827286415
testing accuracy is 0.5863153421164471