lmda = 5
w = [ 0.1972817   0.2616463   0.68701359  0.50761054  0.58631671  0.69211372
  0.78719947  0.4122996   0.54400126  0.85645902  0.35937619  0.19122175
  0.02335669  0.27810788  0.64042196  0.1739576   0.36687879  0.38034139
  0.70200686  0.08244572  0.70520474  0.1624906   0.71210684  0.53295987
  0.39779512  0.38748234  0.31572328  0.91114273  0.49011575  0.59908989
  0.6320824   0.8242277   0.87746311  0.60216555  0.18946182  0.52215601
  0.90041078  0.3340848   0.3399783  -0.02213123  0.44905587  0.55082279
  0.77386607  0.51699027  0.57318001  0.40662735  0.29103688  0.32751289
  0.58249752  0.39637808  0.68447795  0.24575999  0.549348    0.19742948
  0.38152611  0.52717935  0.20646002  1.19594086  0.44505394  0.40175187
  0.36927334  0.66776928  0.25909294  0.58279429  0.57226942  0.15205387
  0.32791406  0.6068025   0.4945352   0.1476683   0.76862263  0.70104791
  0.13752331  0.36109338  0.25772312  0.80216282  0.56625255  0.3644554
  0.46587401  0.54741136  0.37821401  0.4871695   0.6285286   0.52073262
  0.59628035  0.53022411  0.13033271  0.46594007  0.52539769  0.37528062
  0.46192163  0.43066072  0.47385728  0.40648237  0.53366167  0.63353279
  0.54372455  0.19893385  0.50755436  0.34206666  0.32362957  0.5180605
  0.47170477  0.89474977  0.42511277  0.38710375  0.06869443  0.53017387
  0.91292307  0.24122599  0.46071895  0.62597814  0.46118231  0.41140215]
training accuracy is = 0.5971635339258827
testing accuracy is 0.5809969036488374