lmda = 2
w = [0.18821191 0.37054001 0.73537642 0.22471251 0.58373867 0.85461406
 0.76298842 0.52134531 0.60061349 0.86882813 0.51972157 0.31858539
 0.22509506 0.32010008 0.66932733 0.50501845 0.51156646 0.42194238
 0.83989261 0.19138675 0.62635265 0.10927188 0.83000015 0.47328712
 0.40882792 0.12952438 0.38816913 0.81530428 0.58944223 0.69514074
 0.46686069 0.55038789 0.86432165 0.50415191 0.32299491 0.56341889
 0.91497081 0.6870472  0.58795791 0.07661513 0.59513479 0.57227795
 0.93245196 0.45702932 0.62891931 0.46175325 0.33249456 0.44796684
 0.79405175 0.57500816 0.45409661 0.47390382 0.20832517 0.1603247
 0.49681385 0.35049745 0.29624223 1.10097224 0.22406721 0.34435516
 0.50478991 0.44404502 0.46520269 0.50512327 0.66433987 0.42565878
 0.53180028 0.93657506 0.59780377 0.45476205 0.80066836 0.72570085
 0.19551139 0.47039634 0.25816656 0.76516246 0.47114917 0.1619032
 0.74094673 0.4723711  0.20694151 0.48899861 0.32426304 0.80689787
 0.6823982  0.49457612 0.2285111  0.41854443 0.52038351 0.36305641
 0.45397029 0.413769   0.4533264  0.50737773 0.64062803 0.52724111
 0.8841852  0.2264707  0.48008995 0.40287653 0.08196781 0.31038607
 0.82853143 1.05332389 0.50950496 0.48717291 0.03428767 0.53144755
 0.12257611 0.54720307 0.70717112 0.47326565 0.46971214 0.56439932]
training accuracy is = 0.5930787444599599
testing accuracy is 0.5946864830734858