lmda = 5
w = [ 1.78399236e-01  3.71141672e-01  7.31821679e-01  3.26373309e-01
  5.96974633e-01  8.67021132e-01  7.47024755e-01  5.83856051e-01
  5.91233124e-01  8.43557991e-01  5.23298459e-01  2.64522873e-01
  2.29249090e-01  1.97601966e-01  6.64898494e-01  3.29260951e-01
  5.62794811e-01  3.86939533e-01  8.16707970e-01  2.26560535e-01
  6.93420699e-01  1.25656493e-01  8.12557665e-01  4.79674563e-01
  4.34159596e-01  1.61250663e-01  4.54920324e-01  7.73171508e-01
  6.29518038e-01  7.04846495e-01  5.70120837e-01  7.89333973e-01
  8.48495465e-01  7.50914198e-01  2.59866094e-01  5.50020257e-01
  9.41967368e-01  7.95375745e-01  5.09465620e-01  2.75754437e-02
  6.80153350e-01  5.76084686e-01  9.22638749e-01  2.59427216e-01
  6.15377605e-01  4.16750924e-01  2.05929916e-01  4.52544044e-01
  8.13441227e-01  4.97061631e-01  6.30349931e-01  5.25767553e-01
  2.38471331e-01  7.07738210e-02  5.23473975e-01  5.65932697e-01
  2.77795011e-01  1.20272079e+00 -2.46730082e-02  3.16555208e-01
  5.88067714e-01  6.29189398e-04  4.70866658e-01  4.77104612e-01
  6.92916421e-01  2.99747814e-01  1.14538914e-01  9.03280266e-01
  6.21956562e-01  3.40731271e-01  8.03903592e-01  6.99959588e-01
  2.10457269e-01  4.57856637e-01  2.38085181e-01  8.28914940e-01
  3.77913365e-01  3.56249984e-01  3.88702428e-01  3.91788449e-01
 -3.25310603e-02  4.74910947e-01  2.76381496e-01  6.30230054e-01
  7.57513385e-01  5.17667744e-01  3.01829125e-01  6.35342836e-01
  5.87239627e-01  2.53443850e-01  6.58851569e-01  1.49449712e-01
  3.03222800e-01  5.02722843e-01  6.94496908e-01  5.81875974e-01
  8.76602146e-01  2.80385576e-01  4.80677759e-01  4.47165322e-01
  1.87778286e-01  2.95433571e-01  8.82867895e-01  1.07287613e+00
  5.09927231e-01  4.00509901e-01  6.02164019e-03  1.25930553e-01
  5.37152933e-01  4.86805234e-01  6.37863455e-01  2.37109503e-01
  2.80841640e-01  2.18782169e-01]
training accuracy is = 0.5995871531783133
testing accuracy is 0.5999805721501773