lmda = 4
w = [ 0.18135053  0.32791001  0.68488098  0.27213569  0.53617274  0.8085002
  0.70216904  0.53803955  0.54743368  0.79092681  0.47795526  0.21492592
  0.1791853   0.18257929  0.61683874  0.36002587  0.51743251  0.33709193
  0.77859946  0.18954797  0.64319311  0.07497199  0.76299619  0.43468756
  0.52329836  0.12444324  0.39210271  0.71699477  0.57458521  0.64827998
  0.51713832  0.6577286   0.80514286  0.6356097   0.21251549  0.51051963
  0.8891      0.65277108  0.469253   -0.02592395  0.54870247  0.53171832
  0.88025584  0.21918248  0.57289003  0.27043811  0.12884113  0.37632704
  0.76398908  0.45030725  0.5497465   0.54615059  0.26779422  0.02146647
  0.48116438  0.55816655  0.22574857  1.1419391  -0.02658545  0.26822174
  0.49118561 -0.00781168  0.41630786  0.42428951  0.64653961  0.2946723
  0.15471815  0.88353154  0.54807865  0.31929961  0.76384725  0.65380448
  0.18630878  0.41103778  0.19250081  0.78057596  0.39954758  0.23215238
  0.2460549   0.36976885 -0.00370455  0.44512475  0.26317105  0.61035614
  0.70006065  0.44345753  0.23438691  0.60214211  0.55641026  0.29321131
  0.57817701 -0.14879179  0.46409982  0.45552593  0.65947543  0.51594721
  0.84064944  0.20974404  0.43552291  0.4011848   0.17959926  0.24911997
  0.71436703  1.03631653  0.46494971  0.29989361 -0.03387057  0.23945246
  0.9241467   0.40275733  0.52056046  0.12644142  0.25796435  0.21823951]
training accuracy is = 0.5989678829457835
testing accuracy is 0.5986691922871437