lmda = 4
w = [ 0.18077851  0.3407958   0.70613791  0.31220979  0.56805117  0.83487284
  0.72507639  0.55974955  0.57077917  0.81699805  0.50141212  0.24300327
  0.21230584  0.25231281  0.63717387  0.32557735  0.53362952  0.36251902
  0.79658692  0.2182624   0.66126634  0.10165512  0.78594202  0.45150648
  0.54814472  0.14102029  0.41904542  0.69655613  0.60276334  0.64914591
  0.54135102  0.70610004  0.82108668  0.64902205  0.24092518  0.52702781
  0.91968675  0.79214297  0.55456892  0.00776692  0.62246041  0.55319879
  0.89389204  0.34012033  0.59322663  0.34171426  0.17980781  0.42693208
  0.79148525  0.48762624  0.60066386  0.53366399  0.21901341  0.02696379
  0.49986318  0.53935136  0.24171635  1.17062643 -0.03436878  0.29352661
  0.50591976 -0.01972614  0.43034897  0.45446888  0.62085368  0.28073937
  0.44886317  0.89800856  0.55230624  0.23574405  0.78753     0.67818144
  0.13775191  0.4312821   0.2186221   0.78287926  0.39263408  0.37919146
  0.56045238  0.36363787  0.28985698  0.46480362  0.29107753  0.60290995
  0.72012255  0.53192359  0.25464361  0.59772164  0.54413572  0.27198025
  0.6339274  -0.01674383  0.65713073  0.47914781  0.67021919  0.5741249
  0.80028564  0.24758664  0.45386475  0.42331155  0.11089662  0.28671011
  0.86847128  1.03079546  0.48383604  0.3391285  -0.01098051  0.03937985
  0.16833849  0.45576165  0.69322466  0.14656899  0.2320547   0.14549084]
training accuracy is = 0.5994535850889442
testing accuracy is 0.5992034581572685