lmda = 3
w = [ 0.18277695  0.33578868  0.69664843  0.35736297  0.55704651  0.81897824
  0.72279423  0.54143091  0.56796777  0.80569915  0.49536202  0.21881476
  0.21574063  0.16856506  0.62432383  0.31266368  0.51176494  0.34910096
  0.80068011  0.1960276   0.66564174  0.07788092  0.76793417  0.44248854
  0.65043994  0.11829529  0.40248697  0.74355176  0.58399913  0.61303391
  0.50092637  0.71110078  0.82388321  0.62876387  0.22366374  0.5248397
  0.89987802  0.74224735  0.36548745 -0.02637556  0.59615519  0.55100709
  0.89244972  0.28745758  0.59013655  0.40962056  0.13734828  0.44331709
  0.76530265  0.47149993  0.57121834  0.53709945  0.26894183  0.04263339
  0.49058629  0.40330772  0.24140133  1.14683208 -0.00824736  0.28062857
  0.44759552  0.35450611  0.41915447  0.4432826   0.47574776  0.37376605
  0.59336861  0.90038334  0.51559159  0.29520366  0.78062862  0.66749922
  0.18240276  0.42435515  0.19792541  0.78059222  0.38062536  0.49003224
  0.26512877  0.39445565  0.04934747  0.54910782  0.4777181   0.52573243
  0.7195447   0.40049615  0.2193218   0.60689862  0.54104774  0.3325145
  0.56756996  0.18363127  0.29384734  0.47011328  0.65436565  0.49042265
  0.78794571  0.31523449  0.44065856  0.43276931  0.18234415  0.35725821
  0.81998774  0.98206662  0.47851988  0.24844246  0.00633446  0.38284711
  0.85087009  0.48865403  0.48011949  0.06797324  0.38563935  0.04364851]
training accuracy is = 0.5963572339262947
testing accuracy is 0.5995920151537228