lmda = 1
w = [ 0.19883184  0.29441661  0.67818557  0.41849651  0.62828401  0.7340983
  0.77806353  0.60969349  0.55336536  0.86021409  0.40520025  0.24806454
  0.51440953  0.10699643  0.65060561  0.65082157  0.44707252  0.32851992
  0.82791054  0.45932065  0.42870794  0.06580096  0.87752027  0.46562576
  0.03542458  0.21383809  0.44160487  0.43965323  0.41178406  0.51977072
  0.44068279  0.89289558  0.84556985  0.72724336  0.40722938  0.57365619
  0.89943853  0.57052025  0.21641908  0.19496684  0.76835473  0.60244707
  0.71803757  0.25024091  0.61690918  0.55677093  0.28112581  0.56697125
  0.57704288  0.23959273  0.44710774  0.77650629  0.62609794  0.30671583
  0.59846342  0.7933359   0.28867563  0.88817287 -0.041777    0.36679713
  0.60905646  0.6897809   0.42470798  0.31076606  0.77751932  0.30926924
  0.1705507   0.73390102  0.56965558  0.47865876  0.64788816  0.63362444
  0.58928026  0.3665371   0.20107398  0.7967132   0.31307674  0.56342355
  0.50443732  0.17218342  0.23896038  0.31814901  0.65859262  0.17416014
  0.66829023  0.3015248   0.32329092  0.70863209  0.4287248   0.55637969
  0.63839114  0.52323344  0.38742203  0.44562956  0.42292026  0.72590872
  0.67744881  0.25512388  0.46371089  0.25325584  0.41951445  0.3163373
  0.88603919  0.69237617  0.46105647  0.35353653 -0.02247635  0.32639639
  0.48424742  0.73274905  0.81037012  0.50590532  0.27844369  0.3840911 ]
training accuracy is = 0.579381944022828
testing accuracy is 0.580407013453786