lmda = 2
w = [ 1.89361310e-01  2.86013940e-01  6.76575043e-01  4.24185504e-01
  5.46968534e-01  7.55388069e-01  6.89938681e-01  4.88867772e-01
  5.26523927e-01  8.01147826e-01  4.37683352e-01  1.98836441e-01
  1.25493003e-01  2.39716771e-01  6.13537027e-01  2.53905653e-01
  4.92592102e-01  3.42232591e-01  7.62130885e-01  1.56933833e-01
  6.72699047e-01  5.06624202e-02  7.92422774e-01  3.87903427e-01
  8.47875059e-01  8.80594053e-02  3.47721265e-01  6.90501761e-01
  5.17327474e-01  5.56709836e-01  4.03174589e-01  7.83375543e-01
  8.01777167e-01  5.23452081e-01  2.26152532e-01  4.96681078e-01
  8.63031892e-01  4.47000755e-01  4.63493093e-01  8.11611004e-02
  4.56498619e-01  5.18254674e-01  8.63655519e-01  4.52779898e-01
  5.61203144e-01  2.31946950e-01  1.97819299e-01  3.91710572e-01
  7.59639121e-01  3.40961509e-01  4.27760679e-01  6.38638093e-01
  4.53581150e-01  6.37870529e-03  4.44501940e-01  3.78764228e-01
  2.36788388e-01  1.11483434e+00  3.19058826e-01  2.75881911e-01
  5.81525341e-01 -8.10050727e-04  3.77502380e-01  3.66803851e-01
  5.61945463e-01  2.17877609e-01  2.89353689e-02  7.72954296e-01
  4.48672086e-01  3.58192833e-01  7.21890257e-01  6.04304008e-01
  4.79429409e-01  4.10307757e-01  1.84565701e-01  6.79296260e-01
  2.55119585e-01  2.54977152e-01  3.74022563e-01  3.27001819e-01
  1.17285605e-01  3.17771208e-01  2.18545696e-01  6.31580103e-01
  6.46660958e-01  6.47136947e-01  1.92836577e-01  4.35874408e-01
  5.24249455e-01  9.84779195e-02  6.09855956e-01  3.16074960e-01
  1.10614249e-01  4.38559690e-01  6.06989089e-01  4.02200155e-01
  8.84039752e-01  3.72820585e-01  4.20338609e-01  4.39266260e-01
  2.10846179e-01  4.91681103e-01  5.50105047e-01  9.66357025e-01
  4.43812593e-01  5.15545411e-01  3.80824060e-02  7.33727485e-02
  6.01131308e-01  4.31082427e-01  4.64779054e-01  2.03391606e-01
  4.78653742e-01  4.95551874e-01]
training accuracy is = 0.5943415700321778
testing accuracy is 0.5917237359755209