lmda = 1
w = [0.19717454 0.41854946 0.6946192  0.562012   0.64171064 0.67085771
 0.74584792 0.45445752 0.58907928 0.86590764 0.45770946 0.46564548
 0.15724469 0.15989321 0.65796648 0.59841424 0.39089926 0.52308234
 0.73215068 0.15265395 0.58079112 0.12779113 0.66889389 0.61786451
 0.58078638 0.07726022 0.45407146 0.45922175 0.62924856 0.61001174
 0.29060816 0.80443708 0.82541298 0.76653669 0.31131221 0.58963366
 0.92826525 0.6216681  0.62934079 0.14292126 0.75465577 0.52763204
 0.93624467 0.29777932 0.62241669 0.21901088 0.12504204 0.34073565
 0.91042651 0.74611433 0.29836973 0.50576868 0.5170558  0.03239348
 0.48227541 0.33890736 0.35166642 0.8962199  0.2557091  0.29078636
 0.22673368 0.6254429  0.51871007 0.68040946 0.71946203 0.58355214
 0.06458327 0.96836119 0.44851978 0.1034844  0.76661656 0.493824
 0.17920104 0.56879744 0.26361249 0.81896972 0.16134236 0.37604866
 0.40337716 0.56583414 0.14257112 0.41450988 0.124415   0.44203897
 0.53108294 0.75408557 0.48947815 0.82104541 0.46481276 0.31273738
 0.66593737 0.51757462 0.50575787 0.48703454 0.52627605 0.37911404
 0.63008986 0.12529507 0.44351092 0.47524239 0.30070913 0.25847556
 0.77028455 0.58491321 0.49384746 0.35812382 0.10585831 0.66500485
 0.68380999 0.42889127 0.65026044 0.13286861 0.60761535 0.39670469]
training accuracy is = 0.5832554186145347
testing accuracy is 0.5834668998008645