lmda = 4
w = [0.18019061 0.37662165 0.73696959 0.30828768 0.59501609 0.87007172
 0.75752835 0.58720299 0.59839508 0.84681862 0.53821515 0.27757079
 0.24031619 0.22473283 0.6744715  0.35263089 0.56877405 0.39993626
 0.82512206 0.24799659 0.70670122 0.13129045 0.81632713 0.49024795
 0.62508929 0.16370529 0.45431861 0.75332802 0.64066204 0.69685731
 0.56774975 0.77318401 0.85960147 0.66117316 0.27100739 0.55804463
 0.95000627 0.81386006 0.59948275 0.04830642 0.68041782 0.58814947
 0.93025665 0.33975104 0.62342302 0.35743259 0.20360942 0.47236993
 0.80964114 0.51267044 0.65279185 0.63800419 0.31734771 0.05998619
 0.5278148  0.59837314 0.27919413 1.19796714 0.14382081 0.32453811
 0.52211586 0.16302316 0.47635209 0.49835469 0.73310579 0.26547924
 0.42181504 0.92245808 0.60762029 0.25766969 0.81562874 0.70852206
 0.28073929 0.469318   0.24734425 0.81962406 0.41176662 0.23219452
 0.56068134 0.39494969 0.01164139 0.53911684 0.29058211 0.78392077
 0.75648906 0.53592289 0.28699252 0.59166245 0.59059118 0.34261319
 0.70055774 0.2381308  0.15562329 0.50973067 0.69408506 0.59022001
 0.93428662 0.27492772 0.49148744 0.44290682 0.1218074  0.28347026
 0.81565142 1.09345914 0.51981172 0.32687624 0.0031872  0.2541644
 0.3462021  0.43585114 0.62621522 0.23162853 0.16867972 0.08319771]
training accuracy is = 0.5989435978386255
testing accuracy is 0.5994463062800525