lmda = 2
w = [0.1818768  0.34793736 0.72434633 0.32420056 0.58267773 0.83452866
 0.73590233 0.56499944 0.57604066 0.85190197 0.55670933 0.25410327
 0.26011719 0.14702538 0.65127584 0.29237683 0.56406059 0.40407353
 0.81396195 0.24738085 0.65017867 0.09872986 0.75913805 0.52140826
 0.46926411 0.15264036 0.44503983 0.68966821 0.57462301 0.5460866
 0.58742043 0.50496042 0.8395392  0.70778116 0.24396789 0.55073612
 0.92738877 0.85755418 0.33555384 0.16032693 0.52019062 0.56316093
 0.91281731 0.5262077  0.61428039 0.20355061 0.31528041 0.45808351
 0.75059545 0.50584349 0.60231947 0.58286422 0.48460861 0.12740354
 0.50740369 0.62737626 0.32295452 1.18337268 0.27475025 0.29415516
 0.59752905 0.51467524 0.42395684 0.4070255  0.55965952 0.48940274
 0.6924633  0.87390307 0.56855845 0.20111416 0.77930651 0.64118208
 0.48632157 0.45370035 0.22646493 0.81337331 0.53944649 0.13154297
 0.59626906 0.27501302 0.02469199 0.48332392 0.26130366 0.66676074
 0.74786821 0.60704883 0.25459033 0.51363921 0.53342226 0.1610278
 0.69474905 0.33535518 0.14078498 0.48561187 0.70291047 0.46412262
 0.85137981 0.26862159 0.45422838 0.41695322 0.12119363 0.28001752
 0.90901927 0.9486968  0.49896511 0.34583959 0.0690347  0.13551436
 0.54353267 0.42798483 0.54158905 0.27703334 0.20670425 0.23346489]
training accuracy is = 0.5967093679800862
testing accuracy is 0.5964349895575307