lmda = 3
w = [ 0.18162425  0.37477917  0.73540261  0.41306263  0.59776711  0.86185618
  0.75888224  0.57494028  0.60073975  0.84752036  0.53364961  0.28503945
  0.2467859   0.29696909  0.67665253  0.47581111  0.56558493  0.39374573
  0.82891145  0.26461615  0.66637324  0.12829836  0.82895885  0.48800187
  0.3270874   0.17097062  0.45328115  0.75155432  0.63538436  0.6874636
  0.57799307  0.79878604  0.8630992   0.72211917  0.27534013  0.56448051
  0.94979285  0.77838701  0.49603097  0.03228312  0.72165452  0.57132759
  0.93058885  0.24290211  0.62706538  0.2560816   0.31326874  0.44821692
  0.81796323  0.56880512  0.61098299  0.56233198  0.43620426  0.07113329
  0.53699237  0.50670715  0.27588806  1.19941712  0.15989855  0.32158669
  0.58714244 -0.04224481  0.45768009  0.45861606  0.73854779  0.18981388
  0.37774972  0.89727675  0.64959462  0.34568943  0.82723694  0.68813826
  0.30509541  0.46294807  0.24827639  0.83722939  0.3670344   0.33757655
  0.46435087  0.36106237  0.06611112  0.51849044  0.33095289  0.60488414
  0.7448734   0.474654    0.27869181  0.71596616  0.61515696  0.15670953
  0.60660682  0.24553376  0.1840176   0.50606132  0.70369544  0.5877932
  0.76756702  0.34424997  0.48727625  0.44738263  0.21324353  0.24821089
  0.79005652  1.04700083  0.51946285  0.41010531  0.04572907  0.16335889
  0.17433576  0.50204022  0.58199598  0.10790421  0.40413556  0.53002659]
training accuracy is = 0.5986521765527291
testing accuracy is 0.5984749137889164