lmda = 1
w = [ 0.20540518  0.39503353  0.65989051  0.23238733  0.65907992  0.6752616
  0.69398318  0.62157599  0.53971204  0.84759944  0.39092374  0.40215589
  0.29640239  0.46676683  0.65035102  0.49823529  0.42075251  0.43401135
  0.74512538  0.12902388  0.62354883  0.06457867  0.87440403  0.60106085
  0.15162305  0.18457656  0.26553428  0.6072867   0.43776974  0.79723725
  0.5521378   0.48251975  0.79808603  0.72407199  0.35905663  0.49325535
  0.9483858   0.81527527  0.15031992 -0.00449448  0.75191865  0.52209592
  0.68195113  0.14965982  0.6048386   0.63503129  0.48281775  0.40686039
  0.57924242  0.69496805  0.35531432  0.46742837  0.67072608  0.15413424
  0.44382432  0.50116179  0.45621152  0.95528556  0.35187026  0.29477193
  0.54678411  0.58685557  0.42520936  0.46411566  0.52899898  0.55779118
  0.20729083  0.72596915  0.43541405  0.14041358  0.75997407  0.66387104
  0.09996882  0.54009562  0.23115328  0.59656373  0.16418073  0.44606987
  0.31752473  0.66720745  0.74049898  0.45907295  0.55456235  0.60218649
  0.49508025  0.35829035  0.17172004  0.42544358  0.42237925  0.21595927
  0.67865821  0.63284091  0.43272842  0.47120898  0.46513537  0.67439478
  0.73372298  0.46083327  0.39608391  0.58413262  0.26605848  0.15760752
  0.80077459  0.93547568  0.45165527  0.28179356 -0.00765342  0.24784356
  0.59468723  0.58792437  0.79622633  0.4318278   0.10216858  0.56489348]
training accuracy is = 0.5806447695950459
testing accuracy is 0.5857011025304775