lmda = 5
w = [ 0.17825663  0.35212633  0.70739188  0.21410859  0.56884478  0.83460277
  0.7281048   0.56369693  0.5736053   0.81148825  0.50392258  0.24251062
  0.20324926  0.1771474   0.64078064  0.31879511  0.53971289  0.35946035
  0.80144244  0.20741096  0.65839402  0.09728557  0.79125767  0.45476232
  0.86505583  0.13496849  0.42313035  0.73097     0.60886605  0.68176742
  0.54763381  0.74968732  0.82774801  0.6724362   0.23496395  0.52747335
  0.91679317  0.71956491  0.50255595  0.01044776  0.59586506  0.55263668
  0.90601948  0.23832305  0.59879221  0.39861132  0.16898834  0.42875452
  0.79656488  0.46440287  0.60926523  0.55998072  0.14666324  0.04850864
  0.50080354  0.48386715  0.25234033  1.17655674  0.03880173  0.29728876
  0.55942087 -0.03055333  0.4446695   0.46346915  0.62669375  0.23019762
  0.19811728  0.89455903  0.59350325  0.33391903  0.78802438  0.68093578
  0.17774275  0.44008072  0.21773599  0.80489664  0.35576808  0.35322961
  0.37401829  0.35484738  0.1259493   0.47797485  0.3200337   0.61203457
  0.72207105  0.5131575   0.26224881  0.64616761  0.55295378  0.31437156
  0.62112497  0.02631587  0.11767065  0.48535804  0.67635641  0.56734877
  0.89070189  0.24940767  0.45652254  0.4321729   0.16503276  0.28725008
  0.84354358  1.05092102  0.49084821  0.39742018 -0.00668571  0.11682405
  0.23437624  0.47214562  0.59174898  0.15885603  0.21222673  0.08437419]
training accuracy is = 0.5992350191245219
testing accuracy is 0.6007091165185293