lmda = 3
w = [0.18281183 0.36626845 0.73260479 0.54076429 0.59354916 0.87282306
 0.75291329 0.58835115 0.59120962 0.84340314 0.51432922 0.26743229
 0.25692517 0.2388043  0.66672856 0.46998505 0.56881094 0.38661582
 0.81999631 0.21181437 0.70224102 0.11625263 0.81316474 0.4836695
 0.38063847 0.19784305 0.4463767  0.7530788  0.6168176  0.67244913
 0.51606716 0.66352028 0.8599643  0.71124921 0.26147043 0.55607094
 0.95079949 0.64266443 0.361802   0.01075512 0.70869526 0.57936969
 0.91993783 0.29758337 0.61787926 0.51673617 0.29558171 0.42670198
 0.83173766 0.46325381 0.55849382 0.44338183 0.45992312 0.05956229
 0.52615793 0.65773461 0.30581614 1.19075181 0.13415354 0.32825261
 0.48266462 0.24048547 0.46138251 0.49146115 0.72769835 0.24025546
 0.42738651 0.86593075 0.64099641 0.4263071  0.81360848 0.68945664
 0.26977922 0.44569501 0.23008417 0.79463009 0.33470244 0.23794483
 0.62869916 0.3492483  0.04536075 0.4139888  0.39514669 0.63481559
 0.74893118 0.57972166 0.30648167 0.61834113 0.60810371 0.24742916
 0.67757911 0.35231392 0.48333019 0.49769952 0.67093824 0.61888581
 0.83255563 0.23061045 0.47613981 0.43156254 0.1611894  0.40858148
 0.8974833  1.08221697 0.50640893 0.41110009 0.0028986  0.06503469
 0.87332109 0.43085983 0.5385802  0.16048083 0.34820056 0.12511163]
training accuracy is = 0.5988585999635724
testing accuracy is 0.598814901160814