lmda = 5
w = [0.18114987 0.38946241 0.74146149 0.38682826 0.6070701  0.87030915
 0.76742794 0.60119095 0.60868277 0.85152869 0.54820437 0.28139963
 0.23957071 0.21940379 0.67898281 0.36515113 0.57891371 0.40063065
 0.83866952 0.25457022 0.7051103  0.14036038 0.82697575 0.49194118
 0.66570622 0.1769255  0.45908783 0.77479255 0.64150503 0.72272721
 0.58571661 0.75400756 0.86603532 0.73282133 0.28139207 0.56866243
 0.96045366 0.7474142  0.49119709 0.03727461 0.6705938  0.5866464
 0.94217723 0.30422847 0.63591154 0.42198549 0.21859228 0.46410696
 0.8311865  0.50933219 0.64324903 0.55626586 0.32650367 0.08239629
 0.54033503 0.5424575  0.28820671 1.21292142 0.03365732 0.33111319
 0.58388421 0.02330643 0.47909015 0.48774284 0.64747656 0.28607449
 0.49845164 0.93507616 0.62852126 0.33512135 0.82854193 0.70834294
 0.28375835 0.47904355 0.25759381 0.84937517 0.43427944 0.22229325
 0.26762699 0.40762827 0.20233483 0.53665287 0.34559689 0.58006544
 0.76234211 0.50851565 0.30482353 0.64645517 0.60124706 0.23591971
 0.65021595 0.09342841 0.64554938 0.52098348 0.71743955 0.59427776
 0.89658853 0.29106553 0.4974742  0.4680065  0.18184741 0.29987195
 0.84222569 1.09350031 0.53130867 0.40914344 0.02391611 0.21760567
 0.81454179 0.47480782 0.66140378 0.14039139 0.23271395 0.33293437]
training accuracy is = 0.6002549936251593
testing accuracy is 0.5987663315362572