lmda = 2
w = [0.23482623 0.29682978 0.72559826 0.05849681 0.29487448 0.60812033
 0.70992074 0.33949649 0.62832094 0.90419173 0.78512928 0.43854852
 0.63460378 0.79271666 0.56612751 0.2058657  0.19921691 0.34282712
 0.7046616  0.18565554 0.73100257 0.231654   0.56447804 0.30658976
 0.81793827 0.60970635 0.3134085  0.68730052 0.2227932  0.48650431
 0.54404655 0.57182096 0.70305525 0.56447448 0.48350318 0.6605079
 0.94822965 0.22014343 0.88999792 0.4759497  0.41224443 0.43156405
 1.0135026  0.37631097 0.67191492 0.80619207 0.31427349 0.41915163
 0.44180341 0.31090903 0.56248392 0.60144604 0.22483938 0.44417839
 0.4252757  0.34507565 0.2844157  0.67315628 0.68097465 0.38382854
 0.3228565  0.15952891 0.34847148 0.3685951  0.18926691 0.8342221
 0.74120198 0.83187564 0.53362725 0.3060353  0.51342441 0.61891904
 0.12874026 0.23771396 0.36304477 0.44351732 0.85569375 0.70875364
 0.07598671 0.58055187 0.51110512 0.37529571 0.08314965 0.77827597
 0.43695657 0.35972996 0.56582353 0.3012018  0.26969483 0.69097201
 0.66452007 0.14732554 0.41251386 0.51032064 0.48085276 0.35748469
 0.54341798 0.41404967 0.60841244 0.41664775 0.23654342 0.31111738
 0.80715765 0.43376988 0.55173507 0.81543065 0.09294214 0.55952465
 0.86915898 0.55088996 0.41175354 0.52810842 0.23052176 0.29257655]
training accuracy is = 0.5601049103890426
testing accuracy is 0.5536640155424686