lmda = 2
w = [0.24011105 0.50526362 0.65235846 0.75719012 0.63898318 0.41054042
 0.83327768 0.4105463  0.56930556 0.88917127 0.29450049 0.50892604
 0.37818252 0.73104886 0.53658711 0.41205897 0.22182859 0.68876874
 0.82425313 0.03391452 0.48220063 0.11658533 0.47041343 0.48162264
 0.53215361 0.0436402  0.41590857 0.24141986 0.20410525 0.77408749
 0.24666749 0.32077524 0.65999831 0.91214577 0.3908445  0.46896226
 0.70220613 0.35650276 0.64899055 0.36080444 0.62605636 0.56604144
 0.61422165 0.72632308 0.53917839 0.07910082 0.04183816 0.52962703
 0.96159971 0.56785207 0.19792952 0.55965035 0.67606902 0.25429159
 0.70892965 0.56612643 0.61708374 0.60912762 0.23621657 0.57814733
 0.40488532 0.0044124  0.44429334 0.5483506  0.40174343 0.58316
 0.67501071 0.36368794 0.23496669 0.43235922 0.45377944 0.62179669
 0.63837484 0.69953962 0.36952159 0.56358774 0.78666414 0.72684368
 0.12098759 0.20252578 0.45809239 0.14015022 0.55098607 0.59021055
 0.36597953 0.67937067 0.22252241 0.16408376 0.31694754 0.41131433
 0.88153228 0.50824172 0.41055723 0.44181352 0.59114706 0.86641164
 0.26481293 0.6113718  0.49963535 0.1450173  0.80970876 0.46583731
 0.27455618 0.5461202  0.57259757 0.52263052 0.36662717 0.52022822
 0.46470524 0.59184478 0.88343995 0.55890366 0.08435075 0.62268889]
training accuracy is = 0.5540337073194425
testing accuracy is 0.5441563960900977