lmda = 2
w = [0.20229306 0.1660917  0.59417193 0.89083221 0.31834744 0.56157454
 0.66798569 0.26717723 0.45078691 0.91925068 0.51328948 0.62658714
 0.58551166 0.70032514 0.73531137 0.0922606  0.72063883 0.64932413
 0.44891423 0.64562437 0.82908147 0.23342145 0.68428538 0.42027908
 0.73336076 0.44122367 0.2290787  0.52126164 0.60698344 0.63851694
 0.24572402 0.30570335 0.67125575 0.82772978 0.37164098 0.65201905
 0.94128704 0.32420407 0.8336396  0.15840418 0.80493819 0.59117014
 0.77106383 0.48909472 0.55849138 0.16322176 0.36388945 0.46272537
 0.89012229 0.55320355 0.57013094 0.30160449 0.07295569 0.29501988
 0.37477475 0.21691825 0.18521222 1.06460914 0.01447905 0.590213
 0.25141322 0.11661565 0.49602265 0.58845623 0.77938279 0.20179486
 0.11876379 0.90657829 0.49374917 0.84456981 0.72468264 0.33349401
 0.79594681 0.60646966 0.4923117  0.61950775 0.8471695  0.82654821
 0.93662663 0.51319973 0.62441542 0.57444566 0.38281581 0.27052737
 0.42581396 0.51860296 0.17750631 0.35054852 0.76991947 0.79484474
 0.53276672 0.13066272 0.39098829 0.41273157 0.67549206 0.86337843
 0.71384511 0.31782121 0.65493617 0.72178897 0.65737165 0.05018609
 0.59627576 0.90864585 0.42031344 0.36636009 0.02301892 0.38834907
 0.78565801 0.43418251 0.54073279 0.24085513 0.13025223 0.37349783]
training accuracy is = 0.5712273544125503
testing accuracy is 0.5600388561714529