epochs = 2
w = [ 10.   4.   2.   0.   6.   4.   4.   2.   0.  -4.  -2.   2.   0. -10.
  -2.  -2.  -2.   2.   4.   0.  -2.  -2.  -2.  -4.   0.   4.   2.   4.
  -2.  -2.   0.   4.   6.  -4.  -4.   0.   6.  -6.  -4.  -2.   2.   2.
   0.  -2.   0.   4.   2.  -2.  -6.   4.  -2.  -4.  -2.  10.   2.  -2.
   4.   6.  -4.  -8.  -6.  -4.   0.   0.  -6.  -4.   2.   0.  -4.   0.
   4.   4.   2.  -4.   0.   0.  -4.  -4.   4.   2.   0.  -2.  -2.   4.
   4.  -2.  -2.   0.   4.   4.   6.  -8.  -4.  -2.   4.   0.  -2.  -2.
   2.   4.  -4.   2.  -2.   4.   0.  -8.   2.   4.   0.   8.   8.   0.
  -6.   0.]
training accuracy is = 0.5288117811625739
testing accuracy is 0.5294529064345663