epochs = 8
w = [ 12.   2.   4.  -4.   2.   2.   6.   4.  -4.  -4.   4.   0.   0. -10.
   0.  -4.  -2.   4.   0.  -2.  -6.  -2.   6.  -4.   0.   0.   0.   4.
   0.  -4.  -4.   0.   8.  -6.  -2.   0.   8.  -4.  -6.  -2.   4.   0.
  -2.   2.  -2.   4.   0.   2.  -2.   2.  -2.  -2.  -2.  12.   4.   2.
  -2.   2.  -6.  -4.  -2.  -6.   4.   4.  -6.  -2.   8.  -6.  -6.  -2.
   4.   4.   0.   0.   2.  -2.  -2.  -2.   4.   0.   0.  -2.  -2.   2.
   4.   2.   2.  -2.   4.   4.   2.  -6.  -6.  -2.   6.  -2.   2.   0.
   4.   4.   0.   2.  -2.   8.  -6. -10.   4.   4.   0.   4.   6.  -2.
 -10.   0.]
training accuracy is = 0.5285009325458502
testing accuracy is 0.5272381100404103