epochs = 1
w = [ 10.   4.   2.  -2.   2.   4.   6.   0.   0.  -2.  -2.   2.  -2. -10.
   2.  -2.  -2.   4.   2.   0.  -2.  -4.  -2.  -2.   0.   6.   4.   2.
  -2.   2.   0.   4.  10.  -4.  -4.  -2.   8.  -2.  -8.  -4.   4.   2.
  -2.   4.   0.   8.  -2.   0.  -6.   0.  -4.  -4.  -2.  10.   6.   0.
   0.  -2.  -6.  -6.  -4.   0.   2.   6.  -6.  -4.   4.  -2.  -8.   2.
   2.   4.   0.  -2.   2.   2.  -2.  -4.   4.   0.   0.   2.  -6.   0.
   6.  -4.   2.   0.   8.   4.   2.  -4.  -4.  -2.   2.  -4.   0.   2.
   2.   2.   0.   6.  -6.   4.  -4.  -8.   2.   4.   0.   4.   8.  -6.
 -10.  -4.]
training accuracy is = 0.5263055641902393
testing accuracy is 0.5253924463786136