epochs = 4
w = [ 14.   4.  -2.  -4.   2.   0.   4.   2.   0.  -4.   0.  -2.   0. -10.
   2.  -2.  -2.   4.   0.   0.  -4.   0.   4.  -6.   0.   0.   0.   4.
  -2.   0.   0.   4.   6.   0.  -6.  -2.   8.  -8. -10.  -2.   4.   0.
  -4.   4.  -6.   8.   2.  -2.  -8.   0.  -4.  -2.   4.  10.   2.   4.
   0.   2. -10.  -6.  -2.  -4.   0.   6.  -2.  -2.   2.  -4.  -6.   2.
   4.   4.   2.  -4.   2.   0.  -2.  -2.   6.  -2.   2.   0.  -2.   4.
   8.  -2.   2.  -4.   4.   2.   6.  -2.  -2.   0.   4.  -2.   2.   0.
   4.   6.   0.   2.  -2.   4.  -8.  -8.   6.   4.   0.   6.   8.  -2.
 -10.  -4.]
training accuracy is = 0.5219731115946534
testing accuracy is 0.524149051911719