epochs = 16
w = [  8.   2.  -2.   0.   2.   0.   2.   4.   2.  -2.   2.   0.   0. -10.
   2.  -2.  -2.   6.   4.   2.  -2.  -2.   2.  -4.   0.   0.   2.   4.
  -2.   0.  -4.   4.   8.  -2.  -6.   0.   4.  -4.  -6.  -2.   6.   2.
   0.  -2.  -2.   8.  -2.   2.  -4.   0.   0.  -6.  -2.   8.   4.   2.
   4.   0.  -6.  -4.  -2.  -4.   0.   2.   0.  -2.   6.  -2.  -8.   0.
   2.   4.   2.  -4.   4.   0.  -4.   0.   4.   2.   0.   2.   0.   2.
   2.  -2.   0.   0.   2.   0.   2.  -8.  -2.   0.   2.  -4.  -2.   6.
   2.   2.   0.   4.   0.   0.  -4. -10.   0.   6.   0.   6.   2.  -6.
 -10.   0.]
training accuracy is = 0.5219342555175629
testing accuracy is 0.5246736089524402