epochs = 4
w = [  8.   2.   4.   0.  -4.   4.  -2.   2.  -2.  -4.   2.   0.  -2.  -2.
   6.   0.  -6.   6.   2.  -2.   2.   0.   2.   2.   0.  -6.   0.   0.
  12.   4.   0.   6.  -6.   4.  -6.   4.   8.   2.  10. -10.   2.  -4.
  -2.  -4.   2.  10.   6.  -2.  -4.  -4.   2.  -4.  -4.   0.   2.  10.
   2.  12.   2.  -2.  -2.  -4.   0.   0.   8.  -4.   0.   2.   0.  -4.
 -12.  -6.   0.   2.  -2.   0.   4.  -2.  -8.   0.  -6. -14.   0.   2.
   0.   0.  -4.  -6.   8.   0.  -2.  -8.   0.   2.   0.   6.   2.  -6.
   6.   0.   4.  -8.  -4.   2.   4.  -2.  -4.  -8.   0.   2.   4.   4.
   4.  -2.]
training accuracy is = 0.5252868678283042
testing accuracy is 0.5256204769537132