epochs = 8
w = [  8.   0.   0.   0.   2.   2.  -4.   2.  -4.  -6.   2.  -2.   0.  -4.
   6.   0.  -4.   8.   2.  -2.  -4.   0.   2.   4.   0.  -6.  -6.   0.
  12.   4.   2.   8.  -4.  -2. -10.   4.   8.   0.  10. -10.   0.   0.
  -2.  -6.   4.   8.  -2.  -2.   2.  -2.  -4.   0.   0.  -2.   0.   6.
   0.   8.   4.   2.   0.  -2.   0.  -4.   8.  -6.   0.   8.   2.  -8.
  -8.  -8.   0.   0.   2.   6.   2.   0. -10.   2.  -4. -14.  -2.   2.
  -2.   4.  -6.  -6.   8.   0.  -2.  -4.   0.   4.   2.   8.   2.  -4.
   4.   0.   6.  -8.  -6.   4.   6.  -4.  -2.  -6.   0.   2.   8.   2.
   2.  -2.]
training accuracy is = 0.5243397486491409
testing accuracy is 0.5189178687648744