epochs = 2
w = [  6.   2.   4.   0.  -2.   2.  -2.   4.  -6.  -4.   0.   0.  -2.  -6.
   6.  -2.  -4.   8.   2.  -4.   2.   2.   4.   4.   0.  -8.  -2.   2.
  10.   8.   2.   6.  -2.   0.  -6.   6.   8.  -4.  12. -14.   2.  -4.
  -6.  -8.   4.  10.   0.   0.   0.  -4.  -2.  -2.   0.   4.   2.   6.
   0.  12.   2.   0.  -4.  -2.   0.  -2.   6.  -6.   4.   8.   0.  -8.
 -10.  -4.   0.   0.   0.   0.   2.   0. -10.   4.  -6. -12.   0.   0.
  -4.   2.  -2.  -8.   6.   2.   0.  -6.  -8.   4.   0.   6.   2.  -4.
   4.  -2.   2. -10.  -2.   6.   6.  -2.   0.  -2.   0.   4.   4.   2.
   2.  -4.]
training accuracy is = 0.5247768805779855
testing accuracy is 0.521734906989169