epochs = 1
w = [  6.   2.   4.   0.  -4.   0.  -2.   4.  -6.   0.   0.   0.  -2.  -2.
   2.  -2.  -6.   2.   0.  -4.   2.  -2.   8.   6.   0.  -4.  -4.   0.
  12.   4.   2.   6.  -4.   2.  -8.   4.  10.  -4.   8. -10.   2.  -2.
  -4.  -2.   0.   6.   2.   2.   0.  -4.  -2.   0.   0.   2.   0.   8.
  -4.  10.   6.  -2.   0.  -4.   0.   0.  10.  -8.   0.   8.   2.  -6.
 -10.  -6.   0.   0.  -2.   4.   8.   0.  -8.   4.  -4. -14.  -2.   2.
   2.   2.  -4.  -6.   6.   0.  -2.  -8.  -2.   4.   2.   4.   0.  -4.
   8.   2.   6.  -6.  -6.   2.   0.  -2.  -2.  -8.   0.   2.   8.   2.
   0.  -6.]
training accuracy is = 0.5307388743852832
testing accuracy is 0.5307688571567342