epochs = 16
w = [  4.   4.   2.   2.  -4.   4.  -4.   2.  -6.  -8.   0.  -2.  -2.  -4.
   6.  -2.  -4.   6.   4.  -6.   0.   0.   4.  -2.   0.  -6.  -2.   2.
  10.   6.   0.   6.  -6.   2.  -4.   2.  10.   0.  10. -10.   2.  -2.
  -6.  -8.   6.   8.   2.   2.   0.  -4.  -2.  -6.  -4.   2.   0.   8.
  -6.  10.   8.   2.   0.  -4.   0.  -2.  12.  -4.   2.   6.   0.  -4.
 -10.  -6.   4.   0.   0.   0.   2.   0. -12.   0.  -4. -14.  -2.   0.
  -4.   6.  -2.  -6.   4.   0.   0.  -4.  -2.   2.  -2.   4.   4.  -4.
   6.   0.   0.  -4.   0.   4.   4.  -4.   0.  -4.   0.   4.   8.   4.
   2.  -2.]
training accuracy is = 0.514795701536033
testing accuracy is 0.5146437418038758