lmda = 1
w = [0.2186336  0.25311167 0.49941117 0.81985855 0.28161852 0.41274602
 0.79859192 0.16799738 0.71910827 0.82372329 0.34267354 0.35394743
 0.49857442 0.43431181 0.82970556 0.89544295 0.34377584 0.19228093
 0.43343569 0.09792124 0.4118198  0.49794605 0.85185521 0.58888989
 0.55318194 0.44468778 0.58257516 0.33761131 0.51852273 0.72211045
 0.48825067 0.66249196 0.95666438 0.10935707 0.46156739 0.53414165
 0.98235275 0.35498231 0.95408187 0.8376499  0.67022063 0.68924943
 0.78109768 0.84764761 0.78220036 0.68484977 0.81873036 0.67372537
 0.74984485 0.89946836 0.32016326 0.48657989 0.56637486 0.75904566
 0.53209398 0.93405982 0.71430919 0.81242736 0.57443123 0.23344962
 0.68755054 0.75726535 0.36820225 0.61208688 0.49666164 0.71259439
 0.01286176 0.22682927 0.4834987  0.5927954  0.29413741 0.73611451
 0.60259084 0.51318785 0.44081873 0.73436961 0.5171045  0.63643122
 0.40618872 0.59789842 0.31766916 0.88995859 0.83817289 0.46705558
 0.84656298 0.69744407 0.71470312 0.86240373 0.19587417 0.35846152
 0.85406869 0.34147116 0.49788215 0.75157359 0.92866438 0.50881709
 0.58744867 0.19026352 0.67834208 0.32059202 0.65506984 0.13422584
 0.93311623 0.2623283  0.7230482  0.45639597 0.58230839 0.30711486
 0.27642728 0.55958786 0.77817008 0.87304891 0.93069176 0.47429806]
training accuracy is = 0.5418913011802419
testing accuracy is 0.528541072187481