lmda = 1
w = [0.27570294 0.60365031 0.5991734  0.24451511 0.51658264 0.8582481
 0.54772519 0.30318853 0.51796359 0.67285902 0.73088104 0.6731522
 0.02432344 0.62105152 0.62662884 0.02340147 0.38440573 0.14259497
 0.36850465 0.13096408 0.82219551 0.63250149 0.61018942 0.8421444
 0.74775944 0.26591306 0.65517889 0.84319208 0.49951965 0.26301324
 0.16134994 0.67825615 0.51774297 0.88016077 0.42786389 0.35482871
 0.31557572 0.62659084 0.42005769 0.19713172 0.44958656 0.76459853
 0.76809792 0.10750612 0.64389644 0.88529164 0.84809771 0.2450901
 0.64703844 0.55378141 0.77479357 0.60430941 0.36198151 0.59835012
 0.70121373 0.23840874 0.81780804 0.32477225 0.71419133 0.33705528
 0.35192936 0.54969273 0.70251942 0.84792897 0.37812811 0.59507658
 0.69815397 0.77190541 0.21299204 0.75930119 0.53538921 0.67792725
 0.27145839 0.31809104 0.50285912 0.32816168 0.14758003 0.6769076
 0.81080863 0.30400131 0.82684344 0.7395163  0.92633378 0.69632874
 0.5206363  0.21786802 0.59183924 0.80651636 0.74876836 0.4480409
 0.25105904 0.62749116 0.63858231 0.27585014 0.6887236  0.38691546
 0.92933661 0.15943345 0.48328862 0.73816499 0.07977949 0.40816249
 0.376791   0.87250645 0.51029177 0.42568135 0.26274974 0.67347212
 0.07324765 0.73769598 0.76173865 0.38048794 0.483616   0.94242662]
training accuracy is = 0.5246490844625771
testing accuracy is 0.5289417764555886