lmda = 1
w = [0.19979631 0.17987054 0.70406051 0.18778045 0.71091984 0.73465177
 0.52860607 0.39518058 0.31886255 0.91886498 0.6254557  0.20868352
 0.12222511 0.09324972 0.49179233 0.48274797 0.12895247 0.51444123
 0.61529559 0.18654694 0.1538225  0.30963432 0.58779781 0.82737947
 0.02665439 0.47003598 0.79321674 0.22064194 0.37825804 0.55280285
 0.11015012 0.75672925 0.93371426 0.52063867 0.50197176 0.39242422
 0.5442443  0.49983041 0.35527105 0.26591764 0.11682203 0.57391394
 0.26458451 0.79536711 0.44762776 0.69496065 0.03736545 0.46340982
 0.7437898  0.1666636  0.83157889 0.46402155 0.79939899 0.16613359
 0.39177732 0.17292496 0.47019936 0.53587038 0.4352377  0.50613144
 0.44001498 0.65095232 0.40393196 0.54952307 0.26640592 0.88399423
 0.29776876 0.49661083 0.46281226 0.79055332 0.94010068 0.8552344
 0.3939563  0.56529198 0.36245005 0.32310573 0.11482939 0.33400054
 0.8589129  0.50760507 0.16797802 0.54207436 0.37143376 0.61205638
 0.59485908 0.10784649 0.08939784 0.93605133 0.41459389 0.12692815
 0.16419525 0.30361073 0.49632863 0.60399295 0.27391263 0.24811515
 0.59165989 0.15255219 0.5978272  0.18073965 0.61383526 0.85762742
 0.45415323 0.27891438 0.66858145 0.5456208  0.4931611  0.77442833
 0.69374091 0.41410588 0.52783583 0.51669215 0.41498276 0.66783155]
training accuracy is = 0.545776871144786
testing accuracy is 0.536810151174792