lmda = 3
w = [0.17090229 0.29895616 0.72937241 0.61065226 0.54003487 0.81109776
 0.77545923 0.56377244 0.58633671 0.88496826 0.5085886  0.33639552
 0.28292153 0.2626801  0.67498254 0.47805615 0.62014142 0.38790972
 0.7987658  0.25578824 0.71290688 0.13059969 0.82721756 0.38805298
 0.02545744 0.20018809 0.40322409 0.71180744 0.57248227 0.74723553
 0.52683966 0.83793056 0.87934956 0.73816404 0.28539931 0.55691974
 0.87316341 0.4414927  0.38111207 0.15727881 0.71680937 0.5909103
 0.91509961 0.28952255 0.60549137 0.49431719 0.24319369 0.35965681
 0.76942561 0.53831562 0.57542518 0.40879863 0.51055696 0.15260484
 0.46826247 0.69087986 0.26129184 1.21797473 0.06343448 0.32585722
 0.40143849 0.27694439 0.50045244 0.50099078 0.66259088 0.24127393
 0.10921442 0.76567754 0.41399697 0.51256135 0.77965462 0.67429169
 0.22549238 0.44163772 0.25624388 0.74234841 0.20097178 0.26663148
 0.41661982 0.32953317 0.0233035  0.3186172  0.54342343 0.44011017
 0.65443581 0.35671241 0.27863856 0.76130601 0.6338556  0.52130082
 0.71882092 0.01613372 0.75430899 0.46587452 0.64873042 0.52283152
 0.95656799 0.24794483 0.48159515 0.38090679 0.36304629 0.48455052
 0.82293612 1.02004074 0.49148628 0.36766691 0.16894772 0.09725278
 0.95575191 0.30230002 0.71667304 0.38681929 0.3744237  0.45255385]
training accuracy is = 0.5993744171588437
testing accuracy is 0.5910397886229406