lmda = 4
w = [ 0.1702738   0.32510998  0.71984259  0.17257708  0.54671252  0.81792114
  0.75463978  0.57078133  0.60062101  0.84812645  0.53441732  0.29081516
  0.23945254  0.18870714  0.65101694  0.3579997   0.54499091  0.38196077
  0.81145805  0.25556718  0.60504189  0.11694346  0.78248753  0.44174371
  0.28710309  0.13127464  0.39669632  0.76636174  0.53618566  0.67087806
  0.58847715  0.83765295  0.85230989  0.57406121  0.20437048  0.5450595
  0.89247055  0.78167894  0.71957245  0.00181047  0.55712454  0.58000278
  0.94913975  0.36401407  0.60322871  0.29110218  0.18889393  0.52100057
  0.70663435  0.4515202   0.55699887  0.43933163  0.16352938  0.05772115
  0.51941426  0.36578537  0.30119192  1.15693651 -0.06918922  0.28688186
  0.53193638  0.33965758  0.47808429  0.54680058  0.40666307  0.29033979
  0.30662467  0.92569023  0.44448491  0.17240265  0.75983553  0.63137682
  0.21050632  0.43893975  0.23262071  0.76996753  0.46731292  0.36635643
  0.48891637  0.40165456  0.09290243  0.43368027  0.35012327  0.78425161
  0.6645013   0.5869998   0.22288456  0.66075486  0.50984188  0.20814713
  0.48556955  0.08449064  0.27742025  0.47695309  0.71962692  0.63150847
  0.76276242  0.23516654  0.45553242  0.41974446  0.3457474   0.22360299
  0.82256588  0.95965929  0.49583205  0.23869116  0.1035119   0.31280504
  0.69943039  0.31969003  0.57416458  0.33003343  0.3186871   0.3235263 ]
training accuracy is = 0.5986750077712154
testing accuracy is 0.5939345663661797