lmda = 5
w = [ 0.16208814  0.30774357  0.71501319  0.34130135  0.53924421  0.78569667
  0.73594293  0.57793415  0.58930869  0.84091556  0.52076658  0.25876259
  0.15131533  0.27534691  0.6520433   0.30095003  0.58628407  0.38743227
  0.79573996  0.20147602  0.62780181  0.12740179  0.76985669  0.42652934
  0.54488639  0.13437959  0.39648095  0.67146919  0.55120163  0.62156839
  0.61045262  0.74758346  0.84170463  0.62859282  0.2004347   0.53836514
  0.89215613  0.60907383  0.30074663 -0.04592237  0.61668777  0.56932072
  0.96840369  0.35741976  0.59551005  0.48504905  0.25156463  0.47095762
  0.72919023  0.46376924  0.61697061  0.67543789  0.45067337  0.07440843
  0.48788235  0.51083953  0.26290786  1.17860013 -0.09514233  0.29235184
  0.44431747 -0.12824549  0.45584066  0.47704982  0.55535234  0.39213073
  0.29021615  0.8867444   0.50758282  0.3223343   0.7988916   0.6690055
  0.21173884  0.4406822   0.2240868   0.78333797  0.30894137  0.13709879
  0.14749024  0.37802091  0.07725517  0.5284962   0.39223982  0.80379782
  0.70440972  0.53287414  0.24010782  0.64870242  0.54255719  0.23124255
  0.56934479  0.1492611   0.10631806  0.46680893  0.68593463  0.55001166
  0.86377167  0.20291376  0.46393648  0.44903539  0.11264702  0.30464258
  0.72857422  1.08204021  0.48667077  0.38018723  0.05106442  0.29624409
  0.6487869   0.43532013  0.7138201   0.20731288  0.27162161  0.27047373]
training accuracy is = 0.6019389182468138
testing accuracy is 0.5943231271370842