lmda = 5
w = [0.16718027 0.38665213 0.78828379 0.36364938 0.61695957 0.87353299
 0.8122635  0.63558552 0.6702887  0.90880141 0.5933013  0.33415993
 0.22579417 0.25602654 0.72164886 0.4449992  0.64795304 0.44529364
 0.87366006 0.27047905 0.70698451 0.19713711 0.85261859 0.50169715
 0.1980789  0.22243811 0.4718432  0.79566585 0.6122722  0.70928122
 0.64821773 0.74299942 0.91890615 0.72508175 0.28031161 0.61381835
 0.97060659 0.70233445 0.49078764 0.0313816  0.60514157 0.6418371
 1.03714297 0.34476263 0.66800711 0.48309046 0.29872993 0.49718381
 0.81923696 0.56698688 0.62625254 0.72590411 0.25826413 0.12869664
 0.56862315 0.46100049 0.33332072 1.26884192 0.05596068 0.36817678
 0.61864165 0.10982333 0.53219719 0.54681144 0.67421107 0.3798258
 0.43410689 0.9598615  0.61904572 0.33290088 0.86378345 0.74308021
 0.33706759 0.51953072 0.30550468 0.85361178 0.47664949 0.32171306
 0.53626527 0.46093863 0.29567716 0.49197466 0.4895881  0.71664728
 0.76447799 0.56536407 0.35018006 0.72490601 0.65119741 0.31389132
 0.62570801 0.00746787 0.20102532 0.5395702  0.78349981 0.62569628
 1.00023125 0.33270731 0.54197097 0.5035334  0.19879975 0.31939991
 0.83625336 1.09821446 0.56147529 0.5094382  0.09513064 0.42855388
 0.37925909 0.56874326 0.83171362 0.32413047 0.20151142 0.17310987]
training accuracy is = 0.6011229406279142
testing accuracy is 0.5955859496425241