lmda = 2
w = [ 0.17554094  0.26954613  0.7531364   0.74868327  0.59250864  0.71729731
  0.75785245  0.47206114  0.57516485  0.86753158  0.42459059  0.23412201
  0.18012934  0.28074772  0.66778434  0.45710207  0.55703507  0.31083585
  0.81788534  0.18901769  0.71448551  0.10841098  0.77757575  0.36932954
  0.7090756   0.29151495  0.40259112  0.70549508  0.56665344  0.45860687
  0.38817299  0.78657301  0.84541452  0.64766328  0.21642417  0.54627275
  0.84158618  0.34737059  0.67671993  0.20102087  0.50733931  0.57214882
  0.94187135  0.56852333  0.62642749  0.3465243   0.44748045  0.62899008
  0.66366785  0.33500871  0.48823347  0.46217307  0.21166927  0.09826041
  0.60022989  0.6099471   0.33188612  1.02486981  0.04056756  0.38779989
  0.6756088   0.32993148  0.36779887  0.56646957  0.69176088  0.21475422
  0.79946719  0.78242595  0.45390389  0.18077177  0.85592262  0.59358647
  0.66641149  0.40311697  0.23177868  0.66802875  0.31293258  0.53100493
  0.70673281  0.24193431  0.27096798  0.64389693  0.35656156  0.32633507
  0.59152929  0.35953284  0.40181572  0.69145868  0.51456996  0.2545068
  0.38772    -0.0631953   0.50324516  0.47915131  0.79312527  0.63826132
  0.88411659  0.51147092  0.42698075  0.58870709  0.4978556   0.52902338
  0.80442293  1.00081274  0.50144186  0.60140337  0.05734304  0.61463484
  0.20628028  0.5912368   0.41574975  0.16367621  0.38135568  0.23094998]
training accuracy is = 0.5910009325458502
testing accuracy is 0.5842205470935654