lmda = 2
w = [0.18221434 0.23302909 0.68718761 0.45064207 0.48909028 0.76133536
 0.74293666 0.54878108 0.56573543 0.86668455 0.39155422 0.35360625
 0.16754521 0.47988232 0.65138219 0.30867295 0.60872984 0.3327814
 0.77364354 0.28709729 0.48420489 0.12376827 0.68566342 0.45899182
 0.41745507 0.16284218 0.33272435 0.51492196 0.51442025 0.49888499
 0.57074269 0.61592996 0.84871703 0.56466646 0.18549596 0.54630313
 0.91859892 0.54413792 0.33218583 0.0714327  0.67103265 0.53852075
 0.92712973 0.4954745  0.58239885 0.25899749 0.19195228 0.50275202
 0.64393625 0.64153267 0.72928793 0.70286843 0.12879141 0.05477563
 0.56125291 0.6540506  0.23368393 1.00852555 0.09645036 0.31739537
 0.37635451 0.63941085 0.37514124 0.38709705 0.39512166 0.5709735
 0.47088272 0.6167512  0.3148518  0.08512973 0.73288408 0.56609988
 0.53215228 0.3834927  0.21357882 0.84248201 0.52184969 0.08269618
 0.83850485 0.22221025 0.0860289  0.59191283 0.3768781  0.76836013
 0.67028209 0.39117966 0.337228   0.62698038 0.53140266 0.26765666
 0.53218063 0.38190952 0.44632224 0.44458445 0.73165232 0.59583731
 0.59915894 0.28635035 0.40633528 0.5188351  0.39194704 0.57283601
 0.42213592 0.83710625 0.46508873 0.35242707 0.21907697 0.28111086
 0.55478606 0.55674223 0.51649886 0.06473001 0.22031617 0.19706579]
training accuracy is = 0.5899129623873174
testing accuracy is 0.5849005284426484