lmda = 2
w = [ 0.17828139  0.2763809   0.73303628  0.68437284  0.47812958  0.80081372
  0.75613262  0.58498845  0.58265309  0.89543159  0.47558135  0.26546542
  0.21288629  0.44371238  0.67479855  0.56705023  0.57645968  0.40081654
  0.80340689  0.32721034  0.69165205  0.10713886  0.82669569  0.38519437
  0.32606041  0.31630065  0.35217067  0.60673455  0.63394487  0.56420657
  0.74448288  0.53387581  0.88603518  0.72698306  0.22903354  0.54451934
  0.93571995  0.72239433  0.14800592 -0.05385319  0.65690849  0.60488115
  0.81109179  0.32605886  0.6056381   0.54093956  0.28063816  0.55263527
  0.69931816  0.47852914  0.72517064  0.77257656  0.31108494  0.25264123
  0.44198614  0.79108192  0.47904189  1.01131363  0.43180638  0.28015519
  0.77001597  0.13283243  0.48124599  0.61402309  0.52190688  0.19629711
  0.22732598  0.87905728  0.68085935  0.40556141  0.66041191  0.68836463
  0.62519132  0.493524    0.23043601  0.79537241  0.50088663  0.57290869
  0.4640615   0.19340926  0.59807301  0.23731842  0.37490844  0.8694738
  0.64585881  0.54278537  0.22439523  0.50901628  0.49532076  0.36971276
  0.4286114   0.44825835  0.6959286   0.48241239  0.6943707   0.4108249
  0.57708516  0.19289868  0.46731881  0.50592153  0.57616141  0.1978068
  0.50494111  0.96289276  0.468609    0.27072027  0.18348241  0.3585953
  0.96323573  0.35140388  0.57479555  0.68446281  0.26377723  0.39051742]
training accuracy is = 0.5880478706869754
testing accuracy is 0.581889182468138