lmda = 1
w = [ 0.21242078  0.31998194  0.61506314  0.19656007  0.38481981  0.36159014
  0.74037099  0.37067814  0.45902453  0.84645545  0.43010813  0.48885166
  0.13553107  0.2606332   0.64361347  0.40054773  0.55981583  0.54962891
  0.75876537  0.45680821  0.24981586  0.23688415  0.7622134   0.31236321
  0.55368378  0.00612656  0.15374221  0.66344488  0.55530056  0.67347522
  0.49188532  0.62244556  0.65127639  0.40286002  0.34805073  0.38256356
  0.64691081  0.23921919  0.81017006  0.47262907  0.28984784  0.64825099
  0.78198451  0.14678362  0.61128084  0.53608182  0.43254338  0.6816128
  0.34324353  0.69069568  0.23600178  0.26078742  0.46061503  0.46630601
  0.37837396  0.72043341  0.3067072   0.79846725  0.01457821  0.49100544
  0.53752928  0.260398    0.24937868  0.48170281  0.26706039  0.17284311
  0.5029885   0.89253706  0.69753069  0.51643368  0.56606515  0.42190945
  0.46201438  0.50691697  0.37393017  0.88507104  0.30544934  0.1290561
  0.90175059  0.65081414 -0.00892471  0.62833037  0.17112424  0.45273483
  0.61939122  0.37485643  0.31086721  0.27129425  0.46831975  0.461615
  0.20174425  0.53793331  0.25275092  0.40637708  0.31277749  0.68897216
  0.65342167  0.24107213  0.28254784  0.29447907  0.63184629  0.54044043
  0.56521199  0.49743642  0.3517316   0.25831831  0.42830344  0.45630834
  0.02341568  0.43434415  0.22050552  0.31217558  0.09765821  0.18582418]
training accuracy is = 0.5656667702828723
testing accuracy is 0.5569241529375194