lmda = 3
w = [ 0.16561192  0.35176475  0.74730392  0.52510733  0.58448447  0.82851839
  0.77013629  0.60699485  0.60862559  0.88407266  0.57513554  0.32711183
  0.31573013  0.24815307  0.68048408  0.45118978  0.57362493  0.47057164
  0.82884466  0.27914568  0.57539379  0.14363684  0.82017999  0.43515184
  0.10978651  0.18497814  0.43982757  0.77639385  0.5917006   0.74508224
  0.58059692  0.75348586  0.87839087  0.7572732   0.25360082  0.55374723
  0.89292144  0.53294179  0.31425907  0.09666439  0.70848488  0.60892467
  0.99344418  0.27717244  0.62234575  0.60159667  0.25573748  0.44702385
  0.79275673  0.349226    0.6770363   0.70713408  0.24066087  0.1062202
  0.5057606   0.50222509  0.31782497  1.13835182  0.02726506  0.30631839
  0.56854434 -0.09680306  0.51244615  0.55767615  0.79672694  0.20023729
  0.61827057  0.89371399  0.44375     0.47427039  0.78822686  0.66286597
  0.22027923  0.43539097  0.26267574  0.85825579  0.30379773  0.23338398
  0.22974573  0.35231644  0.28291622  0.34945064  0.36269282  0.66561795
  0.69215624  0.52251176  0.3318305   0.53542167  0.60402631  0.34949939
  0.70516727  0.05441648  0.81168503  0.48553155  0.76403911  0.60935167
  0.84727635  0.26460632  0.48855756  0.38509944  0.07862669  0.54805233
  0.70984834  1.07615442  0.51116246  0.6105083   0.13212468  0.31317796
  0.03968735  0.32395467  0.67755738  0.17702191  0.09833721  0.49831306]
training accuracy is = 0.5977424619210444
testing accuracy is 0.5936431457880013