lmda = 5
w = [ 0.1682359   0.28465267  0.68472224  0.20246821  0.50470823  0.76299963
  0.70782862  0.53530656  0.55646005  0.80660967  0.45846596  0.21625566
  0.17500229  0.23919252  0.61756081  0.32520969  0.54205993  0.35397279
  0.7593932   0.15613314  0.59446463  0.08576901  0.74022056  0.39681729
  0.10506829  0.11418338  0.35582864  0.71500237  0.51371916  0.65912219
  0.50412251  0.68732874  0.81435192  0.6421266   0.17449329  0.50555098
  0.86061751  0.54161402  0.26392348 -0.0578218   0.64612279  0.54179414
  0.92415293  0.32720082  0.55488367  0.38471765  0.10366774  0.43458834
  0.74053794  0.38719367  0.50501055  0.62006557  0.30086461  0.0172243
  0.45471132  0.59687538  0.23093878  1.15800091 -0.08437352  0.26239584
  0.41545193  0.1187411   0.42761968  0.43880151  0.58716499  0.3690802
  0.6617231   0.81862803  0.53228082  0.20261727  0.73507889  0.61794987
  0.34184388  0.4114745   0.19190149  0.74599633  0.34882976  0.16335574
  0.29789961  0.27449192 -0.02935423  0.39758796  0.20013286  0.63876105
  0.66305253  0.42578061  0.20840118  0.53499585  0.54112019  0.20702812
  0.52600429 -0.08302357  0.686594    0.4336295   0.66796847  0.54472189
  0.88114041  0.21766919  0.43865584  0.425077    0.22362283  0.26504722
  0.66003491  1.02769428  0.45529424  0.25672559  0.02046864  0.07663909
  0.18239416  0.44636362  0.71696185  0.120036    0.1879859   0.11467042]
training accuracy is = 0.6011617967050047
testing accuracy is 0.593701429903637