lmda = 3
w = [ 0.16948013  0.25816256  0.67826332  0.18285726  0.49379831  0.75962724
  0.69106801  0.53518121  0.53886053  0.8026206   0.51404598  0.19696666
  0.14552279  0.35343186  0.6041836   0.43981652  0.51384625  0.32661193
  0.75103328  0.16444839  0.66490416  0.07620102  0.66744711  0.4222155
  0.54453755  0.08054874  0.38258835  0.64790376  0.45100334  0.52563787
  0.46899561  0.48331884  0.78828945  0.57452911  0.18749692  0.48342928
  0.87292824  0.59873164  0.42012657 -0.04424284  0.604795    0.53252312
  0.90947746  0.25843383  0.55069581  0.22037797  0.17424103  0.31847946
  0.70971587  0.45212632  0.49203316  0.69544694  0.41822527 -0.02045688
  0.48007705  0.37390387  0.33279546  1.11879992  0.0213902   0.22691333
  0.62331752  0.40157142  0.38528081  0.39169752  0.49457337  0.4419844
  0.40650596  0.78145243  0.48420972  0.0916008   0.70956358  0.54954755
  0.44721624  0.39575056  0.18589594  0.70131513  0.37841297  0.51657797
  0.43015412  0.38519069  0.49073449  0.28739675  0.20321487  0.78340567
  0.59506406  0.36070425  0.18567596  0.41787561  0.571635    0.05669287
  0.66812944  0.10197742  0.11109178  0.42925871  0.6366655   0.52721864
  0.76266301  0.09048504  0.41968277  0.40825289  0.03872994  0.43233494
  0.48595204  0.99943629  0.43420814  0.27983813  0.00122374  0.14421637
  0.92803457  0.32444588  0.53336675  0.3954478   0.12831948  0.65388011]
training accuracy is = 0.5961493627603357
testing accuracy is 0.5891941249611439