lmda = 1
w = [0.22521303 0.25328655 0.54979971 0.65431221 0.67776454 0.68159224
 0.62868494 0.52359281 0.4803924  0.85066091 0.62936473 0.44767792
 0.21200361 0.44623642 0.69638317 0.61835491 0.53493741 0.57125325
 0.70241213 0.33662102 0.62587293 0.30427846 0.51878444 0.26587915
 0.79761072 0.19375973 0.38553915 0.41430587 0.29621154 0.74788562
 0.43092045 0.76250028 0.85666941 0.53859811 0.33858366 0.62283422
 0.72682792 0.71484756 0.52215569 0.50326325 0.84773186 0.6279042
 0.63341483 0.76792958 0.61330046 0.7300965  0.37379378 0.61302615
 0.85558605 0.55867854 0.6473424  0.28211268 0.21962268 0.03656075
 0.53822654 0.13035209 0.61543413 0.95337542 0.26364058 0.28815753
 0.45438182 0.46326223 0.40763018 0.59889631 0.29285318 0.31638113
 0.34577994 0.93648181 0.79637453 0.34991444 0.48953464 0.4990769
 0.26018455 0.62855134 0.41845065 0.85633618 0.08131124 0.7577767
 0.58986735 0.41124693 0.78842207 0.57703958 0.47342949 0.794028
 0.79422129 0.79177583 0.32944001 0.40367172 0.6449603  0.17515061
 0.54203848 0.34243926 0.43683816 0.43161679 0.66965948 0.86131834
 0.26614637 0.2613954  0.42811762 0.38674457 0.56598327 0.10594029
 0.33666713 0.7740624  0.42083195 0.83321133 0.18557773 0.82854189
 0.90839021 0.62140518 0.66332225 0.78104058 0.68853797 0.60700576]
training accuracy is = 0.5665216039788623
testing accuracy is 0.5648702207025179