lmda = 1
w = [0.21202149 0.39780423 0.75041392 0.54783914 0.32793437 0.82577879
 0.69059346 0.37656547 0.56113708 0.82677823 0.64882678 0.23900511
 0.4115081  0.61964599 0.6590278  0.43402351 0.38401593 0.62492316
 0.58226005 0.32929293 0.68199985 0.07806586 0.557157   0.61310672
 0.33658917 0.16769615 0.53432734 0.38425778 0.46764557 0.81826283
 0.81443998 0.77125094 0.63695681 0.29887593 0.36071824 0.53836487
 0.76181153 0.63403999 0.13204325 0.17245308 0.84029343 0.52931202
 0.79529486 0.55914078 0.54513998 0.51001758 0.41787898 0.76502037
 0.8681935  0.63044423 0.3718402  0.37378053 0.38209884 0.16105966
 0.29834499 0.48394115 0.3775469  0.58519379 0.46193159 0.18357988
 0.21281205 0.08337241 0.30978858 0.41113226 0.26874353 0.21640152
 0.1649432  0.43090798 0.35826615 0.13635637 0.70931832 0.51231432
 0.10537769 0.35352208 0.18277517 0.79405893 0.56888619 0.23074933
 0.55007185 0.57616249 0.204319   0.77750327 0.79496103 0.65045183
 0.47920142 0.66370296 0.59115125 0.68000263 0.58495045 0.47337627
 0.3748214  0.18821253 0.45492842 0.51647988 0.36419508 0.45664904
 0.27525991 0.3913751  0.47361239 0.56150422 0.74576115 0.48433641
 0.83052584 0.80310341 0.49367769 0.73363083 0.08782805 0.85418666
 0.84991018 0.19309017 0.82310314 0.1270896  0.69894408 0.14305555]
training accuracy is = 0.5658416226297793
testing accuracy is 0.5653364936276034