lmda = 4
w = [ 0.16939931  0.33496616  0.75049657  0.33640585  0.58288     0.80396129
  0.76578225  0.60568126  0.61088886  0.8684732   0.53537876  0.27724843
  0.24214194  0.2996463   0.67047707  0.35223854  0.59361428  0.42566183
  0.83091738  0.2515085   0.63660641  0.14497463  0.78672583  0.48218543
  0.69402497  0.15288696  0.40191647  0.72078697  0.58088159  0.68507333
  0.57605803  0.77537928  0.87125218  0.72183044  0.22923893  0.56024459
  0.93340387  0.61699104  0.56555721  0.02496016  0.50894304  0.60378433
  0.97720201  0.52446866  0.61905422  0.4684451   0.264868    0.45063005
  0.80166207  0.49306588  0.63997604  0.51858833  0.41016087  0.06106341
  0.52105265  0.48220595  0.26886383  1.23321394 -0.07889542  0.30197694
  0.60597523  0.3532018   0.48902582  0.54898135  0.57523516  0.26054268
  0.78790609  0.86933213  0.57247718  0.25080369  0.82025394  0.65198495
  0.24919893  0.46292401  0.25185418  0.81625587  0.34052239  0.20114711
  0.22166219  0.44026687  0.4150684   0.60412522  0.33593635  0.81284701
  0.71573448  0.51977734  0.2738953   0.6487046   0.53923661  0.44412683
  0.72233399  0.17696549  0.28335007  0.48489016  0.69509041  0.53912796
  0.85961856  0.19687088  0.47599942  0.4861959   0.16154752  0.3931606
  0.76746256  0.97389383  0.50962722  0.35718855  0.05332599  0.22463133
  0.50649811  0.32214313  0.60803653  0.34195382  0.23782359  0.30597996]
training accuracy is = 0.6002098228162884
testing accuracy is 0.5924774634752875