lmda = 4
w = [0.16296834 0.36046498 0.77287404 0.35138301 0.60235067 0.81958443
 0.78292193 0.60653579 0.63833848 0.88771429 0.59207543 0.31843387
 0.20461159 0.18774765 0.69883906 0.35444085 0.62954136 0.42709232
 0.85521653 0.28342761 0.70158597 0.16980867 0.80084137 0.49952712
 0.34035904 0.23697321 0.41470051 0.71125787 0.61344264 0.75371073
 0.64946138 0.6681407  0.89598798 0.6376689  0.26842855 0.57896859
 0.92453776 0.83212972 0.73994374 0.00679251 0.68599336 0.63404773
 1.0126983  0.30057536 0.64602217 0.45111566 0.24548917 0.42520883
 0.81499184 0.5563737  0.57053236 0.49264516 0.52250188 0.14915033
 0.57414872 0.60963438 0.28639237 1.22302176 0.0255562  0.33859693
 0.54825795 0.0615102  0.50273104 0.49766859 0.45556758 0.30545762
 0.69410649 0.93233654 0.54768539 0.28857297 0.84061824 0.6923357
 0.28030803 0.47303833 0.2717803  0.82424256 0.45545086 0.48878448
 0.72368122 0.36232559 0.26108933 0.58590109 0.24540655 0.37846708
 0.71105819 0.50188911 0.3236285  0.56449841 0.57746101 0.15374685
 0.54136667 0.46380356 0.18170792 0.52035998 0.77715894 0.52897554
 0.9722746  0.29102219 0.50742451 0.49689556 0.29815061 0.46848362
 0.72248222 1.11969663 0.54827152 0.43374837 0.11521233 0.22635869
 0.95835259 0.41645962 0.55078837 0.32912047 0.43379723 0.1784532 ]
training accuracy is = 0.5987138638483058
testing accuracy is 0.5912146409698477