lmda = 4
w = [1.98936516e-01 2.40468504e-01 7.67226709e-01 3.32728058e-01
 6.00899723e-01 6.36230645e-01 7.81842618e-01 6.63326288e-01
 5.61805838e-01 9.15456573e-01 3.39186945e-01 1.26056758e-01
 4.29092362e-01 1.18924797e-01 6.57659503e-01 6.78042810e-01
 4.63079958e-01 4.01270231e-01 7.18568897e-01 3.70894935e-01
 8.71438693e-01 1.32709068e-01 8.03935129e-01 6.12120475e-01
 1.97715589e-01 2.43950747e-01 4.10579807e-01 8.24527279e-01
 5.32826186e-01 5.89694910e-01 3.71503264e-01 4.49665110e-01
 9.06178453e-01 3.13119646e-01 3.35899486e-01 5.82065217e-01
 8.87828666e-01 7.47413591e-01 6.64827885e-01 4.19345692e-01
 7.81125313e-01 6.78453382e-01 7.88977405e-01 4.58038928e-01
 6.23571073e-01 6.92283000e-01 3.60432360e-01 3.28577876e-01
 5.55678770e-01 5.86896646e-01 4.74739081e-01 2.71945783e-01
 3.95542275e-01 3.45247333e-01 4.91908365e-01 2.02194416e-01
 3.75665761e-01 1.24424116e+00 3.29691465e-01 4.66922159e-01
 4.71211899e-01 6.95010088e-01 2.66024596e-01 4.71721735e-01
 2.63064950e-01 6.76975147e-01 8.24786430e-01 6.44921192e-01
 7.28048999e-01 3.58919436e-01 7.21040565e-01 7.62155006e-01
 1.42946421e-01 5.47738701e-01 2.54428243e-01 6.31478384e-01
 5.22859423e-01 2.92079922e-01 2.53571388e-01 2.27043295e-01
 3.02802047e-01 5.60235573e-01 7.37316608e-01 6.95233269e-01
 7.19630383e-01 2.07556669e-01 3.87267398e-01 3.98677929e-01
 5.42188425e-01 1.10001121e-01 7.98232497e-01 5.64041668e-04
 5.16126349e-01 4.92518895e-01 5.22335985e-01 6.95464993e-01
 8.19437106e-01 3.57316141e-01 6.10627805e-01 2.72923967e-01
 1.53988554e-01 5.14770170e-01 5.52519986e-01 9.20478525e-01
 4.92703705e-01 5.02715143e-01 1.41564012e-01 5.79904082e-01
 3.88339307e-01 6.48748470e-01 3.13152184e-01 7.04962483e-01
 1.38549516e-01 1.44606139e-01]
training accuracy is = 0.5917723056000778
testing accuracy is 0.5768441503248133