lmda = 4
w = [ 0.1951886   0.31534662  0.75355043  0.49925042  0.5833725   0.79508155
  0.77119692  0.38918141  0.50897543  0.87713883  0.52668391  0.10280698
  0.09256497  0.17121068  0.62072247  0.63796043  0.56840857  0.38907216
  0.61085189  0.12119368  0.7656194   0.08896049  0.7648444   0.53430122
  0.87664989  0.0498713   0.48432349  0.41334069  0.61192556  0.36880563
  0.4653333   0.48073672  0.86181059  0.6935829   0.18011053  0.57568591
  0.94720042  0.38596547  0.25744952  0.38208978  0.48962674  0.60064486
  0.96346858  0.72125286  0.58212648  0.12357107  0.35464644  0.4938152
  0.64713508  0.31330077  0.64135938  0.23127618  0.45260966  0.4621319
  0.43896549  0.51507021  0.42310424  1.02165278  0.2565255   0.33563503
  0.74876449 -0.04982172  0.39621466  0.67586613  0.72410553  0.69713787
  0.0576246   0.74403205  0.76343094  0.23861696  0.67041338  0.59619457
  0.40659171  0.41923481  0.22358079  0.55457306  0.53362831  0.75446243
  0.48916417  0.20526302  0.54837611  0.19423792  0.57777337  0.47901205
  0.73420505  0.16262416  0.16120089  0.47746484  0.65149218  0.52799116
  0.54076819  0.30209075  0.58467856  0.42318148  0.41502817  0.39406007
  0.61845347  0.13158828  0.42364796  0.37632093  0.53422078  0.45819245
  0.61869859  0.6632443   0.47069147  0.67707183  0.15223835  0.15209333
  0.98132775  0.30954073  0.29873401  0.74868568  0.48307358  0.00882327]
training accuracy is = 0.5867210646461702
testing accuracy is 0.5753749013417522