lmda = 4
w = [0.19728028 0.23161053 0.73724522 0.61877875 0.64268741 0.71453848
 0.82156824 0.39959837 0.59934425 0.9035744  0.52899421 0.27050739
 0.29317096 0.6019423  0.6842665  0.6769758  0.36605941 0.37858591
 0.70793336 0.35240806 0.67552048 0.17856134 0.69295282 0.47722931
 0.92669712 0.12234346 0.41653898 0.67214253 0.6200102  0.55735104
 0.68196195 0.58335741 0.89553195 0.49984516 0.1984897  0.52870992
 0.96868878 0.27544468 0.6080478  0.30197939 0.7655096  0.69881426
 0.85937527 0.76269715 0.62202779 0.60459815 0.0640648  0.26172081
 0.85111409 0.71327365 0.72247395 0.61966827 0.12720488 0.27225195
 0.55113353 0.18674424 0.16809297 1.06170948 0.62039762 0.42986338
 0.68598842 0.18546271 0.35082932 0.57941905 0.41405085 0.13714201
 0.8531834  0.80901452 0.78097721 0.40469757 0.83130838 0.78515446
 0.70234799 0.5155367  0.26733351 0.56330636 0.69221404 0.29843742
 0.48662587 0.17900759 0.2827009  0.5830566  0.40806488 0.68862688
 0.54722896 0.25756672 0.30440491 0.42857413 0.40684913 0.73087184
 0.57601176 0.62031437 0.10069131 0.44736203 0.66202226 0.63880165
 0.86627661 0.36968282 0.54075246 0.55182173 0.10522764 0.29451611
 0.65168827 1.03473395 0.53217231 0.74326524 0.20428777 0.44338493
 0.95951434 0.44963796 0.52416882 0.10208698 0.44847604 0.37068651]
training accuracy is = 0.5890524066248968
testing accuracy is 0.5784469673972437